931491768
999051545
912372782
977263646
891034342
824488142
936339867
920899897
915574890
913439821
925589683
937459424
913772911
912554198
918822801
892619212
833980262
928710629
928293041
928281779
912373819
936147364
927883589
922675139
953049724
971279990
935727529
930302260
913120442
995617668
927086204
942265433
989528181
987155868
915859666
974400014
995695928
981445910
926717669
989213024
926838040
974214423
938451605
936743544
934636589
918760245
928774791
931555545
921692226
989130005
914811988
999524702
916897502
951358223
912596567
999320244
930118338
930165522
917374023
920194249
985238855
994326848
991742840
996962210
831826002
937304633
926577425
922608520
835403882
946066699
930054143
929464435
988910147
888585532
937901194
924027444
925461520
991615784
919372842
989922866
990700591
931369989
929164504
850042942
932283794
927811588
927443376
932422808
916532563
922768145
992885920
995612674
929222288
913810244
935097649
921397585
933197808
976702484
913566173
985031835
930915599
994913891
927520451
916899866
985078610
891618042
989424491
969089254
912500055
920641989
918399534
826917512
982157064
989264761
934114191
890847382
996032884
932335107
914303265
836656482
987714654
936506410
931718355
934974255
936084249
986140778
816343062
930728756
930721190
877557952
927328151
998043158
941575757
916636881
921272677
931735187
970187588
924490489
923600183
927212072
815923812
830030662
923354239
922845778
981410270
989105604
915084648
930540005
931973835
929136985
985273952
933724247
917262772
993197424
930235032
915667767
918521712
932351358
822572022
914885248
928307220
942203373
925894893
938144281
927277182
913971728
992462388
921767951
913436482
920141447
919277424
928460096
926406108
999289452
934882512
935468833
929419642
919922281
936514359
991180842
927621193
931876481
953430207
921428421
925134457
984671768
994465406
888980172
928565041
935189160
930167177
994019678
825696342
946549215
920286372
916542216
999214568
922822174
912022242
917965374
934973305
996644561
919692022
937673418
925976040
823315252
989203916
931571141
922435049
915188435
927151928
990360472
976236203
930724017
933417700
928068137
994976443
935270928
916162545
933851753
911757206
993350281
924831324
912879194
925000388
932976641
991062866
980865037
923998497
932230445
988331120
833352652
931471457
922720487
924926562
930074241
932078899
997305183
970414959
936719090
930698393
988485004
974228637
828256262
825611622
927266970
923372741
971278463
929431030
929329341
916814216
993915815
989254758
934997786
994724010
968184245
983085075
987654872
936056164
988725676
921693575
811865702
921968833
833212532
975972046
927569752
916621523
928980006
925613029
994479903
998589282
982156866
926493582
931247476
934745280
935565030
926282573
935786533
932401649
927384914
993327964
930386979
981690338
914350174
995216450
926288709
931704087
930931454
920017312
970152555
969089033
991723226
922822344
881160862
979118198
917123861
898078922
927943972
935839610
892197482
935768659
923174354
983684343
997039157
930995886
927859637
919288027
931089471
997256158
988958980
990305439
998577179
978660444
925414441
912109178
995237628
918747214
918740015
930332291
921439490
935443415
989965956
981322401
915634028
926453300
926678329
915089860
928249077
888924892
926790846
920065910
988843083
919971568
923603247
986857338
930029831
916797524
928204154
934794265
958168799
970256652
992387548
928051714
991008985
986062432
975379752
915743285
837088852
930408476
982357985
998269261
922097194
945128186
931965468
925477540
927089769
992446145
934929160
996829324
911561565
829243342
913367847
931976540
928754154
924897422
933783669
923566988
926020625
812960482
891352352
993792403
990455066
925663026
930181188
945697717
990353964
916470606
935011965
830876472
944497544
993323616
881535602
984599838
993019410
976712757
913187628
918901280
990297304
998782732
993898171
920840000
818970382
963397844
938030936
935269504
936344410
913173198
980952827
931380974
946720046
981602463
989276638
926516639
920953948
929217624
989383868
914065232
999231209
921186355
976119452
813876272
930950270
988862908
827129682
916173741
916676336
998240964
928584909
924563109
924826940
925639346
918025456
936590217
918026355
921822863
918854851
998348900
994239244
930156507
932123614
980405311
927670631
998327849
915264891
929034589
924695153
933724689
935111560
978684688
913156978
935932297
980647226
934554256
916530226
992261412
992105852
998178878
929580400
932428105
935468884
982793386
937262116
929621689
985205051
997400550
938256969
921106343
977140277
937468989
991437916
913255461
997963598
927134241
923856641
921095422
927650185
932214970
997902602
892102732
935566703
996772330
895652652
929771605
981868765
971512628
924051981
986279423
992620382
926414097
920125875
919214198
824290032
984081235
995873559
936372252
925160008
932862891
932873877
991358773
935512662
914725011
891768842
997877934
928736466
995802236
914782708
918098151
934097505
932368072
884661412
952824457
918988793
926713817
932762234
930862703
916929331
930078697
928522148
916835078
920295932
921199821
992733861
919904429
996199983
996605833
917560323
995747251
932295512
982461065
934953096
895147222
963092784
925052833
933174344
984580096
921984758
989137433
930624128
913810465
922919542
997952081
895987212
913973194
975916766
921859236
929154436
938386307
988551260
925709700
997642074
992976365
913426827
983535852
926055747
921960808
933884570
992009489
922054800
990021775
970440984
989844369
926641654
930608513
911626276
921297696
995894629
923605320
934948645
923106693
998180333
927921995
923112219
952038133
983640583
930070963
923627804
932960486
979638027
992772166
990137307
919535148
914850517
935952344
924412879
923797467
987416505
930813265
923561218
983207014
931608525
963706375
980334554
991646477
827782912
926356321
933728552
979716621
937912625
922192235
935204496
995118777
995555816
823941382
913542924
929741706
934948254
932980681
928278158
917065659
915629032
922769982
917205337
921527098
934978676
930972282
996200884
989261142
988987573
984239262
920342205
928272850
926476556
919871482
929487605
921724268
918310398
995745739
917067864
896434802
979545282
890374832
928316572
933581683
988869252
916533012
916374445
974493438
936739326
976329937
983778585
923239588
989833316
933038424
920070035
926085530
919961716
999607802
990043434
935633834
957036813
931307215
989733958
936436668
935903815
934425219
936759092
919303077
920589006
931550519
921664966
917981051
833059262
926676768
935173825
893784462
927620723
823389132
826532572
966614587
986527966
965324887
915194931
956019265
926324462
981618270
930240656
917294658
931074490
918640495
997952057
989155369
948757052
836691032
914427665
925288373
918092986
931851659
912091074
913638786
934197089
921629427
927421755
913022181
985888302
986181350
928997588
827958522
990939535
979379242
928115763
926141473
932498847
934883411
920823777
998096979
836630742
894306882
921675623
986940103
998200008
869348872
970993282
912470687
990512302
932491265
914425808
934013484
988784966
933645967
921891571
977334152
999279120
979953291
931629646
932862883
977083664
990873658
969335425
995452529
998024692
931764403
925893951
931830155
921620284
815289692
924440015
927063565
989269437
914876168
923583793
912796884
913096428
951071218
986570802
930978841
974480611
920538991
989092650
999013430
929268997
994021893
915577210
997882202
985993858
919152737
923532269
913082273
894003812
832741752
931950363
930364355
913960106
998602300
920040888
934307003
921443838
983502822
929111176
925120707
923206191
989104632
964783772
988198110
922577021
916677456
925560553
919280409
916208456
915319947
979850514
936392881
983931014
918720251
924880686
930181102
935426022
827801542
991577904
994911279
965194606
990127883
988752185
999155944
920416721
929842243
829126842
898186202
930752738
934490649
980449882
930119156
927528711
988598690
989206710
920384668
983877605
923011439
931536729
933388301
936716563
921368534
914203007
834353172
987852631
926312340
836863232
980298728
995715201
994078380
934605195
997118766
925022314
927506084
934976762
992028939
989190571
935986125
989120360
912531031
933648575
912782972
933612023
996922715
929414764
982821711
823362072
980151123
981921143
989829351
922975361
999544398
933963055
931719378
914737532
988114332
919880643
913537866
935080525
935276683
928273725
924749350
917301220
816745152
934548051
925258571
928279561
946415227
938248281
932853914
925572446
999191231
987489014
917641897
982852846
924918551
913662768
990456828
926552996
925554774
817668232
922918775
929163052
921819463
912536904
925552577
914048443
921214995
922798087
989195360
969198452
960800044
875965492
817906222
921464363
995640309
991160663
934966112
920901867
921403356
916584881
866476942
984687400
836794982
924937637
917838097
911564084
936566227
935991757
930550787
912853535
929110897
933700445
919256362
922043523
932431866
925385441
984775431
879308682
924964359
934792521
931331833
926924214
932516969
919088729
934245660
990055459
885286682
930487554
889274212
981888863
937577265
939595449
832521442
815526252
930661430
977170656
920566618
913138643
990150443
911761084
982349680
935697190
920659691
891440952
996713881
938335834
922704589
920843654
922749558
992213779
920435696
929421841
916508352
991372326
933034119
920376770
918737596
928932834
927001977
920662706
928414973
970204512
922132550
937356420
936679579
918136894
936522327
911720922
921864426
991354743
976611160
932184842
934909240
931670484
992375930
935362652
921680635
915541097
919845511
928991121
933587193
880912542
922836337
923579354
957391893
928322904
934442393
986390162
930480908
935505526
981486641
954813371
914867959
987838590
926109340
835080552
869545872
925381799
931955071
988383538
919270942
978660347
925336378
933439895
928825663
880270052
924017198
994910973
981980549
991372806
989786598
932026376
929038509
898572722
941792537
915429548
916269218
923535357
989217623
983464882
928309150
926505556
975568040
887102562
991598901
828792652
911771543
989211803
893528172
963800916
994171674
926340069
924057327
950412380
937404123
979798482
980170772
882007022
988788589
998831989
923398805
922812209
976056663
921660898
987584378
930038997
988849898
971188979
927868199
930108685
930741582
936339336
917448035
920370144
934887174
922841594
819666652
920332811
832574112
992841567
927639882
934746031
919501650
932315041
928234509
991846166
921020856
916947577
993083321
932713403
932910179
991540717
935416272
929445821
979329989
932828669
914449936
993213705
925979376
953098725
922930333
929870743
812603612
820819772
988785296
976919882
998696550
998549922
913786874
913466411
827321702
933614220
921788797
987321288
999365043
983202268
925804150
933841731
930128848
999655084
995697602
826159022
997842987
933786706
989086855
932094134
993034231
920429211
814902412
916810539
954683923
922259968
919259329
911962500
928514811
930811327
927523132
930141453
979494246
929774663
911683520
934266056
960501659
917131694
965951482
999618413
928471284
923471804
934626079
924278137
991958436
910217127
923875050
971140445
931958461
918528857
913537882
927235048
975965058
987840463
923640770
921694342
929602048
935124964
826004762
911898411
927082837
935789656
828981722
969189828
911652692
985748063
932324547
918093893
984181426
930917877
989181300
931347624
976594177
832048712
932456834
930690856
970078940
929277724
935348595
930384321
892000972
980702073
813672812
929347226
987652314
986865292
922162026
981313038
931215337
834232022
989116304
990459975
936094295
935857910
914042925
935490979
997452712
992829931
988611360
917190224
952667882
970945237
934626648
931812866
933520560
935619777
935872812
980416976
936500889
826297662
974773481
930736074
914933803
993140430
930477281
918834818
990038414
986275967
834948842
929779304
935227348
922634386
914905575
827082872
994451057
931865668
948180456
811759562
980794342
989007017
933200205
931745069
924576707
930802611
